0 0.5562964905712787 0.44318445696175957 0.8374070188574425 0.8843508542078439
3 0.5606390696579326 0.0681208244482022 0.12559686068413461 0.13038745764913057
3 0.49246473121691975 0.09194868900777863 0.13516286167271757 0.13512949980360828
3 0.3667259490879665 0.24359702653818788 0.16975803756616062 0.17907039734428026
3 0.15231859779537218 0.3275260780624395 0.16656937056996624 0.17748971662612104
3 0.03398505705349728 0.3283749848746895 0.06797011410699456 0.15822156615858277
3 0.18974695501946556 0.21443572560311144 0.12878552768032892 0.1319681383672898
3 0.2488964619395478 0.18195956888905732 0.13567219764227278 0.14762949980360823
3 0.40517563684440755 0.14379701443793946 0.13847886266130088 0.13983518052176747
3 0.6604772435742093 0.03431851707021811 0.11272017589344294 0.044395415494652854
2 0.5151435444490617 0.18741572511213214 0.11941052768032882 0.13191359621281204
2 0.4747122040308824 0.22078221613514168 0.10815469269935693 0.12403746369925477
2 0.43110678406893843 0.2361572312604522 0.103148857718385 0.11619769262201593
2 0.36547517239622085 0.3701822524358869 0.13098469764227277 0.1476022287263694