0 0.5828125 0.4531741958233895 0.834375 0.906348391646779
3 0.5564447518090223 0.03697549938082746 0.12851450361804453 0.07395099876165492
3 0.4846483169378847 0.055237501862026826 0.1442966338757694 0.11047500372405365
3 0.3700955732694628 0.21770961497275865 0.18178334577069996 0.19706770678164434
3 0.1460173433958508 0.3354387322173197 0.17865834577069997 0.19692215756743262
3 0.033227416326629296 0.35008989123249434 0.033925699909142945 0.17147689371369373
3 0.169812290252776 0.2066758773787555 0.13705734396167765 0.14666529238978615
3 0.22944291779696732 0.1639575303980741 0.14412621551297516 0.1625813908182096
3 0.39619000452255576 0.10293648552708859 0.14988489258219673 0.15349748924663303
2 0.5257447077110591 0.13919285504796122 0.1261198439616777 0.14615587014004516
2 0.4856043865893029 0.18022026943981934 0.11625352103089917 0.13634422249741
2 0.4397939196059896 0.20271600765299508 0.10959408525525038 0.12824062406898662
2 0.3884029172311404 0.3578251927230177 0.13943871551297526 0.16236306699689199