0 0.58125 0.43359375 0.8375 0.7171875
3 0.93984375 0.48203125 0.1203125 0.1078125
3 0.90859375 0.546875 0.1234375 0.1171875
3 0.74453125 0.65 0.1640625 0.146875
3 0.6375 0.85078125 0.1625 0.14375
3 0.6234375 0.97265625 0.153125 0.0546875
3 0.75390625 0.8296875 0.1203125 0.1109375
3 0.7921875 0.77578125 0.1359375 0.115625
3 0.84765625 0.62578125 0.1265625 0.1203125
3 0.98359375 0.38828125 0.0328125 0.1078125
2 0.81640625 0.51015625 0.121875 0.1015625
2 0.77890625 0.54609375 0.1140625 0.0921875
2 0.75859375 0.58671875 0.1078125 0.0875
2 0.61875 0.6328125 0.1359375 0.1109375